word,행복,기쁨,혐오,슬픔,분노
봉사,39.455782312925166,55.10204081632652,0.0,0.0,5.4421768707483
나눔,34.94423791821561,60.223048327137555,0.0,1.486988847583643,3.3457249070631976
좋았어요,100.0,0.0,0.0,0.0,0.0
즐겁게,44.52830188679245,40.75471698113207,11.320754716981131,0.0,3.396226415094339
명곡,14.285714285714288,0.0,0.0,85.71428571428571,0.0
소녀시대,77.77777777777779,0.0,0.0,22.222222222222225,0.0
영광,7.333333333333333,90.0,0.0,0.0,2.666666666666667
즐거웠다,100.0,0.0,0.0,0.0,0.0
기입,100.0,0.0,0.0,0.0,0.0
니,14.00894187779434,16.09538002980626,26.825633383010434,10.432190760059614,32.63785394932936
행복,80.3148341498675,15.757770460204002,0.0,2.9636173801301102,0.9637780097984099
단,18.846153846153847,24.23076923076923,11.538461538461538,26.923076923076927,18.46153846153846
선배,26.714801444043324,25.992779783393505,21.660649819494587,12.996389891696753,12.635379061371843
미션,60.0,0.0,0.0,0.0,40.0
곡,28.776978417266193,25.899280575539567,0.0,42.44604316546763,2.877697841726619
모두,30.37409268565047,23.115577889447234,23.562255723059742,13.06532663316583,9.882747068676718
고양이,29.03629536921151,15.769712140175216,22.52816020025031,16.02002503128911,16.64580725907384
콜롬비아,100.0,0.0,0.0,0.0,0.0
하피,100.0,0.0,0.0,0.0,0.0
언니,42.879499217527375,30.985915492957744,4.694835680751173,5.633802816901407,15.80594679186228
쿠키스,100.0,0.0,0.0,0.0,0.0
그램,46.240249609984396,23.400936037441497,0.9360374414976598,19.96879875195008,9.453978159126365
바보,28.934010152284266,18.274111675126903,0.0,17.766497461928935,35.025380710659896
사진,37.279774489076814,21.56448202959831,7.399577167019028,21.846370683579984,11.909795630725863
남동생,34.78260869565218,0.0,0.0,26.08695652173913,39.130434782608695
쿠키,50.54945054945056,39.56043956043956,0.0,0.0,9.89010989010989
소녀,26.262626262626267,9.090909090909092,0.0,38.38383838383839,26.262626262626267
신,22.485207100591715,5.325443786982249,44.37869822485207,20.710059171597635,7.100591715976331
뿐,15.537848605577686,7.1713147410358555,29.880478087649397,32.669322709163346,14.741035856573703
지도,18.181818181818183,14.87603305785124,0.0,19.83471074380165,47.107438016528924
실현,31.57894736842105,47.368421052631575,0.0,0.0,21.05263157894737
꿈,41.616509028374885,26.311263972484948,5.159071367153912,18.056749785038694,8.856405846947549
지옥,11.920529801324504,23.841059602649008,0.0,23.841059602649008,40.39735099337748
거기,17.142857142857142,0.0,0.0,8.571428571428571,74.28571428571429
천국,34.946236559139784,48.38709677419355,0.0,9.67741935483871,6.989247311827958
좋은,35.175879396984925,33.54271356783919,2.5125628140703515,23.031825795644888,5.7370184254606365
습관,40.20618556701031,37.113402061855666,0.0,6.185567010309278,16.49484536082474
단지,29.197080291970806,13.138686131386862,21.897810218978105,17.51824817518248,18.248175182481756
하나,23.654485049833887,14.352159468438538,15.9468438538206,23.388704318936878,22.6578073089701
자신감,29.299363057324832,45.85987261146496,19.108280254777068,0.0,5.73248407643312
느낌,27.631578947368418,26.64473684210526,4.9342105263157885,17.434210526315788,23.355263157894733
질,33.33333333333333,15.0,0.0,0.0,51.66666666666667
세상,20.015760441292354,21.98581560283688,26.08353033884948,21.197793538219067,10.717100078802206
샤워,29.166666666666664,0.0,0.0,0.0,70.83333333333334
천하,4.255319148936171,0.0,95.74468085106383,0.0,0.0
무적,100.0,0.0,0.0,0.0,0.0
몰입,14.285714285714285,0.0,0.0,28.57142857142857,57.14285714285714
힘,27.611940298507463,40.298507462686565,11.194029850746269,11.691542288557216,9.20398009950249
소통,48.63553668890236,22.922983626440267,1.8192844147968468,14.918132201334142,11.704063068526379
있다,16.689847009735743,11.265646731571625,33.518776077885946,15.438108484005564,23.08762169680111
인류,17.94871794871795,0.0,38.46153846153847,7.692307692307692,35.8974358974359
아이템,43.75000000000001,56.25,0.0,0.0,0.0
사고,10.326086956521738,9.782608695652174,48.91304347826087,12.5,18.47826086956522
집중,34.188034188034194,15.384615384615385,12.820512820512823,5.128205128205128,32.47863247863248
예,19.230769230769234,46.15384615384615,0.0,7.692307692307692,26.923076923076923
둘,36.15384615384615,6.9230769230769225,0.0,31.538461538461537,25.384615384615383
감행,100.0,0.0,0.0,0.0,0.0
수행,15.686274509803924,35.294117647058826,0.0,23.52941176470588,25.490196078431378
기분,23.501199040767386,33.669064748201436,1.4388489208633093,21.294964028776977,20.095923261390887
일상,41.12024894420983,23.205156701489223,4.000889086463658,16.403645254501004,15.270060013336298
마지막,19.652173913043477,26.608695652173907,5.217391304347826,39.65217391304348,8.869565217391305
수중,100.0,0.0,0.0,0.0,0.0
신선,100.0,0.0,0.0,0.0,0.0
멀리,28.57142857142857,22.040816326530614,12.244897959183673,23.6734693877551,13.46938775510204
있지,18.360655737704917,17.704918032786885,19.672131147540984,30.81967213114754,13.442622950819674
플레이스테이션,100.0,0.0,0.0,0.0,0.0
삶,34.29271279853031,29.76117575015309,5.511328842620943,22.90263319044703,7.532149418248621
수직,100.0,0.0,0.0,0.0,0.0
상승,52.63157894736842,0.0,0.0,0.0,47.368421052631575
마음,22.737361282367445,26.189889025893958,5.178791615289765,31.763255240443893,14.130702836004932
찬물,25.000000000000007,0.0,0.0,75.0,0.0
말,10.680707032719067,14.55434373824746,22.64009025949605,20.45881910492666,31.666039864610752
재미,37.74403470715835,27.331887201735356,6.507592190889371,15.184381778741866,13.232104121475052
삶의질,100.0,0.0,0.0,0.0,0.0
기어,9.67741935483871,29.03225806451613,0.0,19.35483870967742,41.935483870967744
코,28.20512820512821,5.769230769230769,28.846153846153843,18.58974358974359,18.58974358974359
내,17.774762550881952,17.096336499321573,14.314789687924018,24.62686567164179,26.187245590230663
함몰,100.0,0.0,0.0,0.0,0.0
감개,100.0,0.0,0.0,0.0,0.0
무량,100.0,0.0,0.0,0.0,0.0
생각,18.21474773609315,16.76584734799483,15.575679172056923,24.21733505821475,25.226390685640364
게임,10.476190476190476,31.428571428571434,23.809523809523807,16.825396825396826,17.46031746031746
샀,14.285714285714288,0.0,0.0,85.71428571428571,0.0
특급,11.11111111111111,0.0,0.0,0.0,88.88888888888889
비밀,33.057851239669425,7.43801652892562,0.0,28.925619834710748,30.57851239669422
셋,14.285714285714285,11.688311688311687,0.0,3.896103896103895,70.12987012987013
뿜뿜,73.33333333333334,0.0,0.0,0.0,26.666666666666668
다시,18.19371727748691,16.49214659685864,7.853403141361256,32.19895287958116,25.261780104712038
가슴,16.92913385826772,24.803149606299215,11.811023622047244,29.92125984251969,16.53543307086614
시작,29.607957870099472,22.118197776477473,12.287887653598597,24.692802808660037,11.293153891164422
밖,23.364485981308412,25.233644859813086,14.018691588785048,21.49532710280374,15.887850467289722
행군,100.0,0.0,0.0,0.0,0.0
늘,36.52802893309222,42.31464737793852,0.0,14.828209764918626,6.329113924050633
양,32.55813953488372,0.0,0.0,27.906976744186046,39.53488372093024
깨달음,40.69767441860465,52.32558139534883,0.0,6.976744186046512,0.0
우리,28.293022446493822,26.62258569688533,20.428049417087177,16.49556290238385,8.160779537149818
합격,40.625,0.0,0.0,18.75,40.625
중단,8.695652173913045,0.0,0.0,0.0,91.30434782608695
인강,100.0,0.0,0.0,0.0,0.0
유정,100.0,0.0,0.0,0.0,0.0
일만,36.48648648648649,48.64864864864865,0.0,12.162162162162163,2.702702702702703
멋진,36.13861386138614,49.00990099009901,0.0,8.91089108910891,5.9405940594059405
행복하고,62.40601503759399,20.30075187969925,0.0,17.29323308270677,0.0
영,33.33333333333333,41.37931034482759,0.0,20.689655172413794,4.597701149425288
멋지다,100.0,0.0,0.0,0.0,0.0
고간,100.0,0.0,0.0,0.0,0.0
울,24.378109452736318,17.91044776119403,7.46268656716418,37.81094527363184,12.437810945273633
건강하길,100.0,0.0,0.0,0.0,0.0
학생,22.315789473684212,26.526315789473685,25.26315789473685,17.263157894736846,8.631578947368423
달리,12.598425196850393,14.173228346456693,23.62204724409449,36.22047244094488,13.385826771653544
공부,30.897703549060545,7.515657620041753,6.263048016701461,31.732776617954073,23.59081419624217
군대,5.405405405405405,16.216216216216214,13.513513513513514,42.34234234234234,22.52252252252252
기전,18.571428571428573,51.42857142857144,0.0,17.142857142857142,12.85714285714286
중국어,45.45454545454547,0.0,0.0,54.545454545454554,0.0
힐링,52.130325814536334,24.06015037593985,0.0,14.703425229741022,9.10609857978279
급,15.916955017301039,6.228373702422145,20.761245674740483,32.52595155709342,24.567474048442904
선물,41.74508126603935,46.19332763045338,2.5662959794696323,7.014542343883662,2.4807527801539777
멋지게,9.30232558139535,41.860465116279066,34.883720930232556,13.953488372093023,0.0
기,24.474187380497135,24.091778202676863,5.736137667304016,22.562141491395792,23.135755258126196
학원,31.37254901960784,11.76470588235294,19.607843137254903,7.84313725490196,29.411764705882348
고마운,72.72727272727273,0.0,0.0,27.27272727272727,0.0
샘,5.741626794258373,17.22488038277512,57.416267942583744,11.483253588516746,8.133971291866029
시간,31.25,20.312499999999996,2.6041666666666665,25.752314814814813,20.08101851851852
때,16.07310215557638,14.339268978444236,17.66635426429241,26.897844423617617,25.023430178069354
가득하길,82.3529411764706,17.647058823529413,0.0,0.0,0.0
기도,9.91857883049593,59.95558845299777,15.544041450777204,12.13915618060696,2.4426350851221317
노,9.965635738831615,15.463917525773196,46.735395189003434,2.0618556701030926,25.773195876288664
부부,38.41059602649007,43.708609271523194,0.0,5.298013245033113,12.582781456953644
당신,18.05392731535756,18.991793669402107,18.835482610394685,28.839390386869873,15.279406017975768
행복해졌으면,100.0,0.0,0.0,0.0,0.0
마음속,32.32323232323232,18.18181818181818,0.0,24.24242424242424,25.25252525252525
아름다운,29.85729967069154,47.42041712403951,3.2930845225027436,16.684961580680568,2.74423710208562
길,15.019326339039202,20.872446162341245,4.969630038652677,49.80673660960795,9.331860850358916
감각,22.499999999999996,22.499999999999996,0.0,44.99999999999999,10.0
다리,22.59887005649718,10.16949152542373,16.949152542372882,20.33898305084746,29.943502824858765
행복한,70.27636773829667,27.411167512690355,0.0,1.3536379018612519,0.9588268471517203
맑은,49.05660377358491,16.9811320754717,0.0,33.9622641509434,0.0
좋겠다,18.647166361974406,16.453382084095065,38.391224862888485,17.184643510054844,9.323583180987203
고향,27.884615384615387,34.61538461538461,0.0,33.65384615384615,3.8461538461538463
경북,40.0,0.0,0.0,43.63636363636363,16.363636363636363
회복,14.814814814814813,60.0,0.0,8.888888888888888,16.296296296296298
지협,100.0,0.0,0.0,0.0,0.0
의회,10.81081081081081,0.0,81.08108108108108,0.0,8.108108108108109
재능,40.74074074074074,0.0,0.0,44.444444444444436,14.814814814814813
인연,31.60377358490566,38.20754716981132,0.0,30.18867924528302,0.0
완벽,22.727272727272734,0.0,34.09090909090909,13.636363636363638,29.545454545454547
나,20.4020402040204,17.82178217821782,6.78067806780678,30.903090309030894,24.09240924092409
불행,44.354838709677416,7.258064516129033,0.0,28.225806451612907,20.161290322580648
사랑,35.89280880627989,30.695660019850223,2.995578814400434,26.202291798249572,4.213660561219887
가지,18.773946360153257,12.068965517241379,37.547892720306514,12.260536398467433,19.34865900383142
어르신,44.99999999999999,44.99999999999999,0.0,0.0,10.0
미용,32.6530612244898,55.102040816326536,0.0,12.244897959183673,0.0
신천지,19.23076923076923,65.76923076923077,0.0,13.461538461538462,1.5384615384615383
자신,18.458610846812558,8.563273073263558,37.29781160799239,19.98097050428164,15.699333967649858
위안,13.25966850828729,39.77900552486188,16.574585635359114,25.414364640883974,4.972375690607735
있는,19.708588957055213,17.94478527607362,23.082822085889568,20.168711656441715,19.095092024539873
자원봉사,37.14285714285714,51.42857142857142,0.0,0.0,11.428571428571429
물,15.89648798521257,6.654343807763402,22.181146025878007,25.87800369685767,29.390018484288355
노부,100.0,0.0,0.0,0.0,0.0
부의,100.0,0.0,0.0,0.0,0.0
순수,25.974025974025977,23.376623376623378,19.480519480519483,15.584415584415584,15.584415584415584
봉사활동,100.0,0.0,0.0,0.0,0.0
것,16.70110611401483,20.785219399538107,23.799683967424336,18.50006077549532,20.213929743527412
입니다,19.630071599045348,28.997613365155132,26.96897374701671,13.961813842482105,10.44152744630072
해답,100.0,0.0,0.0,0.0,0.0
나들이,77.19298245614036,15.789473684210526,0.0,0.0,7.017543859649122
케,8.823529411764705,13.235294117647056,0.0,17.64705882352941,60.29411764705882
김장,100.0,0.0,0.0,0.0,0.0
행복합니다,65.71428571428572,12.85714285714286,21.42857142857143,0.0,0.0
드림,46.55172413793103,46.55172413793103,0.0,0.0,6.896551724137931
실버,100.0,0.0,0.0,0.0,0.0
타운,100.0,0.0,0.0,0.0,0.0
욕심,37.03703703703704,11.111111111111112,0.0,22.222222222222225,29.629629629629626
등,11.3345521023766,19.74405850091408,35.831809872029254,11.700182815356492,21.38939670932358
생애,42.307692307692314,34.61538461538461,0.0,23.076923076923077,0.0
실시,40.0,36.0,0.0,23.999999999999996,0.0
다양한,26.05633802816902,50.70422535211267,10.563380281690142,4.225352112676056,8.450704225352112
재능기부,18.181818181818183,81.81818181818181,0.0,0.0,0.0
위,23.468208092485547,19.76878612716763,31.329479768786122,13.52601156069364,11.907514450867051
실향민,100.0,0.0,0.0,0.0,0.0
해변,38.57142857142858,0.0,0.0,17.14285714285714,44.28571428571429
점프,25.000000000000007,32.142857142857146,0.0,42.85714285714286,0.0
재미있다,100.0,0.0,0.0,0.0,0.0
한국,23.1016731016731,11.003861003861005,40.73359073359073,10.553410553410554,14.607464607464603
의,16.380952380952383,28.285714285714285,27.23809523809524,12.85714285714286,15.238095238095239
독일,16.356877323420075,0.0,66.91449814126393,4.4609665427509295,12.267657992565056
여자,16.925549009105517,11.56936261381896,38.67166577396893,17.568291376539904,15.265131226566684
티나,19.04761904761905,42.85714285714286,0.0,0.0,38.0952380952381
비키니,22.22222222222222,40.0,0.0,0.0,37.77777777777778
관광객,100.0,0.0,0.0,0.0,0.0
책,21.542227662178707,17.62545899632803,11.015911872705018,32.92533659730722,16.891064871481028
먹방,71.31782945736434,9.30232558139535,7.751937984496124,3.10077519379845,8.527131782945736
구경,42.02898550724638,13.043478260869568,0.0,26.086956521739136,18.84057971014493
음식,41.91616766467066,21.55688622754491,17.964071856287426,8.682634730538922,9.880239520958083
이,14.498864742134282,17.807330522218617,30.295167045085954,14.82322413233863,22.575413558222508
봄,40.0,25.71428571428571,3.061224489795918,21.42857142857143,9.795918367346937
스타,46.72615307276612,21.264295588789743,1.8851325876586649,19.85672992333794,10.267688827447529
생일,56.7755757900375,29.887520085698988,0.0,10.712372790573113,2.6245313336904124
고마워,52.94705294705295,34.16583416583417,2.997002997002997,8.191808191808194,1.6983016983016983
청송,10.0,89.99999999999999,0.0,0.0,0.0
예쁘다,87.14285714285714,12.857142857142856,0.0,0.0,0.0
날씨,39.51020408163266,24.979591836734695,2.4489795918367347,13.387755102040819,19.673469387755105
서강대,100.0,0.0,0.0,0.0,0.0
있음,14.723926380368098,0.0,0.0,50.30674846625768,34.96932515337423
스타크,55.55555555555556,0.0,0.0,0.0,44.44444444444445
램,39.34426229508197,29.508196721311474,0.0,9.836065573770492,21.311475409836067
스타일,50.381679389312986,20.610687022900766,0.0,0.0,29.007633587786263
휴가,48.163265306122454,18.367346938775512,0.0,26.122448979591837,7.346938775510205
얌,100.0,0.0,0.0,0.0,0.0
자연,34.137291280148425,46.753246753246756,0.0,12.987012987012989,6.122448979591837
대박,37.54789272030651,27.586206896551722,5.747126436781609,18.007662835249043,11.111111111111109
맛있다,78.51458885941645,4.774535809018567,0.0,12.20159151193634,4.509283819628647
집,26.069730586370838,28.52614896988906,5.942947702060222,16.71949286846276,22.741679873217116
과자,29.743589743589745,9.23076923076923,0.0,48.205128205128204,12.820512820512823
굿밤,45.45454545454547,20.454545454545457,0.0,13.636363636363638,20.454545454545457
행운,62.24899598393575,28.915662650602407,0.0,7.228915662650602,1.6064257028112452
나무숲,57.14285714285714,0.0,0.0,0.0,42.85714285714286
광주,30.69053708439898,9.207161125319692,38.363171355498714,9.207161125319692,12.531969309462914
토요일,38.36734693877551,29.387755102040813,0.0,21.632653061224488,10.612244897959183
한복,59.70149253731344,26.865671641791046,0.0,13.432835820895523,0.0
친구,43.02812687013765,29.622980251346505,6.28366247755835,15.739078396169958,5.326152004787552
모집,47.76119402985074,26.865671641791046,0.0,0.0,25.37313432835821
피자,31.1614730878187,35.69405099150142,16.997167138810198,6.7988668555240785,9.34844192634561
학교,15.602836879432624,21.276595744680847,42.710795902285255,11.9779353821907,8.43183609141056
자유,11.716171617161717,16.33663366336634,57.095709570957084,4.785478547854785,10.066006600660065
인생,28.35570469798657,25.671140939597308,3.7751677852348986,32.38255033557047,9.815436241610737
생일케이크,100.0,0.0,0.0,0.0,0.0
여름,40.5940594059406,28.960396039603964,0.0,17.32673267326733,13.118811881188119
수영,56.86274509803921,35.294117647058826,0.0,0.0,7.843137254901962
광화문,23.21428571428571,0.0,0.0,41.07142857142857,35.714285714285715
교환학생,100.0,0.0,0.0,0.0,0.0
패션,31.809145129224646,25.04970178926441,35.78528827037773,2.3856858846918483,4.970178926441352
커피,49.46808510638298,9.574468085106384,0.0,17.021276595744684,23.93617021276596
담양,53.84615384615385,0.0,0.0,46.15384615384615,0.0
주왕산,100.0,0.0,0.0,0.0,0.0
여행,64.90825688073394,21.3302752293578,0.0,8.486238532110093,5.275229357798165
케이크,62.676056338028175,31.690140845070424,0.0,0.0,5.633802816901409
전주,38.36734693877551,29.387755102040813,0.0,28.57142857142857,3.6734693877551017
서울,39.0625,29.8828125,2.9296875,14.84375,13.28125
신발,26.582278481012654,45.56962025316455,0.0,0.0,27.848101265822784
벚꽃,71.02040816326532,0.0,12.244897959183675,9.795918367346939,6.938775510204083
올림픽,19.35483870967742,38.70967741935484,16.12903225806452,0.0,25.806451612903224
공원,70.58823529411764,5.572755417956656,0.0,11.145510835913312,12.693498452012383
행복하게,73.65591397849461,9.677419354838708,8.064516129032258,6.451612903225805,2.150537634408602
바로,33.56164383561644,18.493150684931507,15.41095890410959,9.931506849315069,22.602739726027398
아름답다,52.49999999999999,22.499999999999996,0.0,15.0,10.0
별,22.127659574468083,22.97872340425532,6.382978723404255,37.4468085106383,11.063829787234042
살,31.47699757869249,23.244552058111378,4.842615012106537,22.760290556900724,17.67554479418886
관광,17.460317460317462,57.14285714285714,0.0,19.047619047619047,6.349206349206349
두껍다,100.0,0.0,0.0,0.0,0.0
치유,28.493150684931507,29.589041095890416,0.0,15.890410958904107,26.027397260273972
자갈치,100.0,0.0,0.0,0.0,0.0
곰장어,100.0,0.0,0.0,0.0,0.0
카레,60.86956521739131,39.130434782608695,0.0,0.0,0.0
뿌리,20.588235294117652,26.470588235294123,0.0,17.647058823529413,35.294117647058826
엔터테인먼트,55.00000000000001,44.99999999999999,0.0,0.0,0.0
기부,23.72881355932203,61.016949152542374,8.47457627118644,6.779661016949151,0.0
브런치,27.586206896551722,0.0,51.724137931034484,20.689655172413794,0.0
토브,100.0,0.0,0.0,0.0,0.0
버거,100.0,0.0,0.0,0.0,0.0
매콤,100.0,0.0,0.0,0.0,0.0
양념,100.0,0.0,0.0,0.0,0.0
정암,100.0,0.0,0.0,0.0,0.0
홍어삼합,100.0,0.0,0.0,0.0,0.0
햄버거,77.77777777777779,0.0,0.0,0.0,22.222222222222225
사람,17.986686591495722,21.27428338540959,21.68183670696916,19.562559434859395,19.494633881266136
럭셔리,25.000000000000007,0.0,0.0,75.0,0.0
빵,41.95804195804197,12.587412587412588,10.489510489510492,20.27972027972028,14.685314685314685
복지,59.11949685534591,0.0,0.0,15.094339622641506,25.78616352201258
고대,8.695652173913045,0.0,65.21739130434783,0.0,26.08695652173913
오리,35.668789808917204,0.0,19.10828025477707,29.299363057324847,15.923566878980894
주물,100.0,0.0,0.0,0.0,0.0
럭,20.0,0.0,0.0,0.0,80.0
고등어,100.0,0.0,0.0,0.0,0.0
고려대,3.773584905660378,0.0,84.90566037735849,11.320754716981133,0.0
꼬마,100.0,0.0,0.0,0.0,0.0
김밥,30.4635761589404,35.76158940397351,0.0,0.0,33.77483443708609
뻔,12.698412698412698,0.0,47.61904761904761,12.698412698412698,26.984126984126988
저녁,43.68600682593857,28.668941979522188,3.4129692832764507,13.42434584755404,10.80773606370876
갈비,70.58823529411764,0.0,0.0,17.64705882352941,11.764705882352942
김봉남,100.0,0.0,0.0,0.0,0.0
생선,64.70588235294117,0.0,0.0,35.29411764705882,0.0
까스,100.0,0.0,0.0,0.0,0.0
모듬,100.0,0.0,0.0,0.0,0.0
합정,60.86956521739131,0.0,0.0,0.0,39.130434782608695
촤르륵,100.0,0.0,0.0,0.0,0.0
동네,43.56435643564357,17.82178217821782,0.0,17.82178217821782,20.792079207920793
청담,19.148936170212767,19.148936170212767,0.0,61.702127659574465,0.0
떡볶이,35.602094240837694,0.0,0.0,55.497382198952884,8.900523560209425
낙지,33.33333333333333,33.33333333333333,0.0,0.0,33.33333333333333
젓,100.0,0.0,0.0,0.0,0.0
딱딱해,100.0,0.0,0.0,0.0,0.0
딱좋음,100.0,0.0,0.0,0.0,0.0
팝콘,47.05882352941176,0.0,0.0,0.0,52.941176470588225
남자,14.285714285714285,15.384615384615385,42.246642246642246,10.012210012210012,18.07081807081807
식,14.173228346456689,14.173228346456689,23.622047244094485,28.346456692913378,19.685039370078737
철,42.10526315789473,0.0,0.0,47.36842105263157,10.526315789473683
데,44.24778761061946,23.008849557522122,4.424778761061946,11.504424778761061,16.814159292035395
일,21.527917758516427,23.946784922394677,15.803265470671235,16.287038903446884,22.43499294497077
노예,7.142857142857144,16.07142857142857,26.785714285714285,0.0,50.0
숯불,60.86956521739131,0.0,0.0,0.0,39.130434782608695
소금,17.72151898734177,22.784810126582276,37.974683544303794,0.0,21.51898734177215
구이,100.0,0.0,0.0,0.0,0.0
방어,6.521739130434782,0.0,65.21739130434783,0.0,28.26086956521739
회,17.87101787101787,26.573426573426573,25.796425796425794,13.675213675213675,16.083916083916083
미팅,29.090909090909093,16.363636363636363,27.272727272727277,10.909090909090908,16.363636363636363
해물탕,100.0,0.0,0.0,0.0,0.0
역쉬,100.0,0.0,0.0,0.0,0.0
물탕,100.0,0.0,0.0,0.0,0.0
사시미,100.0,0.0,0.0,0.0,0.0
몬나,100.0,0.0,0.0,0.0,0.0
낮술,37.5,37.5,0.0,25.0,0.0
점심,43.47826086956522,17.01323251417769,0.0,13.23251417769376,26.27599243856332
배,25.650557620817843,33.45724907063197,5.5762081784386615,13.011152416356877,22.304832713754646
믹스,100.0,0.0,0.0,0.0,0.0
나인,58.53658536585367,0.0,0.0,0.0,41.46341463414635
맛있음,47.82608695652174,0.0,0.0,52.17391304347826,0.0
먹음,26.190476190476193,42.85714285714286,0.0,0.0,30.952380952380953
서초,16.666666666666664,50.0,0.0,33.33333333333333,0.0
코스프레,25.000000000000007,32.142857142857146,0.0,42.85714285714286,0.0
남도,31.57894736842105,47.368421052631575,0.0,0.0,21.05263157894737
포차,64.0,0.0,0.0,0.0,36.0
논현,47.05882352941176,52.941176470588225,0.0,0.0,0.0
혼합,100.0,0.0,0.0,0.0,0.0
아홉,64.70588235294117,0.0,0.0,35.29411764705882,0.0
겨울,39.71119133574007,29.24187725631769,0.0,23.104693140794225,7.9422382671480145
밥,40.27303754266212,24.573378839590443,0.0,16.040955631399317,19.112627986348123
먹기,69.6969696969697,0.0,0.0,18.18181818181818,12.121212121212121
도쿄,42.30769230769231,0.0,38.46153846153847,7.692307692307692,11.538461538461538
도자기,53.84615384615385,0.0,0.0,46.15384615384615,0.0
치킨,36.983842010772,32.31597845601436,10.771992818671455,10.412926391382406,9.515260323159785
크레페,100.0,0.0,0.0,0.0,0.0
카페,52.91113381001021,25.740551583248212,6.128702757916241,8.375893769152198,6.8437180796731365
감사,27.899561578318057,62.41530490235153,1.1956954962136308,5.579912315663611,2.9095257074531684
오늘,34.55624904856142,25.757345105799967,5.054041711067133,19.607246156188154,15.025117978383316
핑크,58.37320574162679,17.22488038277512,14.354066985645932,5.741626794258372,4.30622009569378
솔로,24.57002457002457,22.11302211302211,0.0,43.24324324324324,10.073710073710075
데뷔,56.57894736842105,35.526315789473685,0.0,7.894736842105263,0.0
푸드,53.76344086021505,19.354838709677416,0.0,0.0,26.881720430107524
월일,35.04424778761063,22.300884955752213,15.929203539823009,16.637168141592923,10.08849557522124
음,24.489795918367346,29.387755102040813,6.122448979591836,19.183673469387756,20.816326530612244
치카,100.0,0.0,0.0,0.0,0.0
어제,34.95370370370371,10.416666666666668,6.944444444444445,20.370370370370374,27.31481481481482
귀여운,32.463768115942024,20.869565217391305,8.695652173913043,30.724637681159418,7.246376811594201
버블티,100.0,0.0,0.0,0.0,0.0
시부야,40.0,60.0,0.0,0.0,0.0
가가와현,100.0,0.0,0.0,0.0,0.0
럽,53.94736842105263,15.789473684210526,6.578947368421052,17.982456140350877,5.701754385964912
인스타그램,57.29442970822281,19.098143236074268,0.0,15.649867374005302,7.957559681697612
가을,42.7734375,43.9453125,0.0,11.523437500000002,1.7578125
커피점,100.0,0.0,0.0,0.0,0.0
수고,43.222003929273086,28.290766208251473,5.893909626719057,20.825147347740668,1.768172888015717
돼지고기,41.1764705882353,0.0,0.0,35.29411764705882,23.529411764705884
바다,42.176870748299315,14.693877551020407,0.0,39.72789115646258,3.401360544217687
노란,18.181818181818183,0.0,0.0,61.038961038961034,20.77922077922078
맛스타,72.42524916943522,17.940199335548172,0.0,3.9867109634551494,5.647840531561462
스낵,100.0,0.0,0.0,0.0,0.0
요시노야,100.0,0.0,0.0,0.0,0.0
메리크리스마스,79.16666666666667,12.5,0.0,8.333333333333332,0.0
리락쿠마,100.0,0.0,0.0,0.0,0.0
비,18.22817080943276,11.472275334608032,7.648183556405355,36.58381134480561,26.067558954748254
오다이바,100.0,0.0,0.0,0.0,0.0
즐거운,53.97727272727273,38.352272727272734,0.0,6.53409090909091,1.1363636363636365
라이브,41.409691629955944,15.859030837004404,0.0,20.26431718061674,22.46696035242291
치바,25.000000000000007,0.0,0.0,75.0,0.0
디즈니,27.722772277227726,17.82178217821782,0.0,45.54455445544555,8.91089108910891
야경,41.726618705035975,25.899280575539574,0.0,25.899280575539574,6.474820143884894
부적,100.0,0.0,0.0,0.0,0.0
신칸센,100.0,0.0,0.0,0.0,0.0
초코바나나,18.181818181818183,0.0,0.0,0.0,81.81818181818181
축하,47.855811062771906,46.98570540708514,0.0,3.6047234307022986,1.5537600994406462
치즈케이크,57.14285714285714,0.0,0.0,0.0,42.85714285714286
좋아,45.50050556117291,36.400404448938325,0.0,12.942366026289184,5.156723963599596
오사카,28.26086956521739,9.782608695652174,32.608695652173914,19.565217391304348,9.782608695652174
크리스마스트리,100.0,0.0,0.0,0.0,0.0
치,38.7434554973822,0.0,31.413612565445025,6.282722513089005,23.56020942408377
즐거웠어,100.0,0.0,0.0,0.0,0.0
굿모닝,39.53488372093024,48.837209302325576,11.627906976744185,0.0,0.0
칸,63.63636363636363,0.0,0.0,0.0,36.36363636363637
형문,100.0,0.0,0.0,0.0,0.0
추억,44.630872483221474,16.610738255033556,0.0,37.24832214765101,1.5100671140939597
아이스커피,52.63157894736842,0.0,0.0,0.0,47.368421052631575
곤,16.393442622950822,0.0,49.180327868852466,19.672131147540984,14.754098360655737
즐거웠,100.0,0.0,0.0,0.0,0.0
야마,16.666666666666668,0.0,0.0,50.0,33.333333333333336
최고,41.82895850973751,35.05503810330229,2.5402201524132093,9.991532599491956,10.584250635055039
만,35.3870458135861,22.748815165876778,4.739336492890995,14.849921011058454,22.27488151658768
고마워요,60.7773851590106,34.98233215547704,0.0,4.240282685512367,0.0
초콜릿,31.472081218274113,45.68527918781726,0.0,18.274111675126903,4.568527918781726
일본,24.866310160427805,3.6096256684491976,26.203208556149733,10.16042780748663,35.16042780748663
굿나잇,41.66666666666667,25.0,0.0,33.33333333333333,0.0
고맙습니다,32.25806451612903,58.06451612903226,0.0,9.67741935483871,0.0
건포도,100.0,0.0,0.0,0.0,0.0
사인,100.0,0.0,0.0,0.0,0.0
산책,43.79232505643341,32.50564334085779,0.0,15.80135440180587,7.900677200902935
찍,36.66666666666667,0.0,25.0,10.0,28.333333333333332
이벤트,34.593023255813954,18.313953488372093,4.3604651162790695,13.662790697674417,29.069767441860467
후,22.75334608030593,18.929254302103253,14.340344168260039,17.97323135755258,26.003824091778206
바시,100.0,0.0,0.0,0.0,0.0
커피타임,100.0,0.0,0.0,0.0,0.0
즐거웠어요,100.0,0.0,0.0,0.0,0.0
맥도날드,45.45454545454547,0.0,0.0,54.545454545454554,0.0
폴라로이드,100.0,0.0,0.0,0.0,0.0
메시지,47.76119402985074,26.865671641791046,0.0,0.0,25.37313432835821
도깨비,13.422818791946309,0.0,0.0,63.08724832214765,23.48993288590604
체키,100.0,0.0,0.0,0.0,0.0
나고야,100.0,0.0,0.0,0.0,0.0
유준,100.0,0.0,0.0,0.0,0.0
하라주쿠,100.0,0.0,0.0,0.0,0.0
주년,38.271604938271594,40.74074074074074,0.0,19.34156378600823,1.6460905349794237
일군,10.526315789473683,0.0,0.0,0.0,89.47368421052632
아스널,20.0,0.0,0.0,0.0,80.0
트리,34.21052631578947,0.0,19.73684210526316,23.68421052631579,22.368421052631582
탑스,100.0,0.0,0.0,0.0,0.0
리스트,45.16129032258064,29.03225806451613,0.0,0.0,25.80645161290323
시,14.063284781516828,22.601707684580614,13.66147664490206,30.035158211953792,19.638372677046707
시인,13.138686131386862,13.138686131386862,54.74452554744526,13.138686131386862,5.8394160583941614
음악,23.47826086956522,17.60869565217391,9.782608695652172,40.652173913043484,8.478260869565217
슬픈,3.460207612456747,0.0,0.0,95.15570934256054,1.384083044982699
밤,29.141104294478527,15.1840490797546,0.0,38.65030674846625,17.02453987730061
새벽,20.319634703196343,16.438356164383556,0.0,41.32420091324201,21.91780821917808
네,13.818860877684408,21.84873949579832,25.396825396825395,15.31279178338002,23.62278244631186
없는,15.374056280027453,12.354152367879204,26.90459849004804,20.864790665751546,24.50240219629375
젠,15.925058548009366,0.0,21.077283372365336,46.838407494145194,16.15925058548009
미라,33.33333333333333,0.0,0.0,0.0,66.66666666666666
여신,63.63636363636363,0.0,0.0,0.0,36.36363636363637
아파도,100.0,0.0,0.0,0.0,0.0
작가,22.573363431151243,20.316027088036115,0.0,37.02031602708804,20.090293453724605
한강,52.45901639344262,29.508196721311474,0.0,13.114754098360654,4.918032786885246
없다,8.106219426974143,7.547169811320755,33.6827393431167,24.598183088749124,26.065688329839272
환희,5.69620253164557,85.44303797468356,0.0,3.79746835443038,5.063291139240507
노래,22.120866590649943,23.603192702394526,1.7103762827822122,48.68871151653364,3.8768529076396807
영원히,29.87012987012987,17.532467532467532,9.740259740259742,34.41558441558442,8.44155844155844
가을비,100.0,0.0,0.0,0.0,0.0
기슴,100.0,0.0,0.0,0.0,0.0
린생,100.0,0.0,0.0,0.0,0.0
파도,21.568627450980394,17.64705882352941,0.0,45.09803921568627,15.686274509803921
너,22.239031770045383,16.338880484114977,12.556732223903175,29.198184568835096,19.667170953101362
고백,14.440433212996389,19.494584837545126,21.660649819494584,29.602888086642597,14.801444043321299
좋아한다면,100.0,0.0,0.0,0.0,0.0
범,5.9071729957805905,0.0,63.29113924050633,0.0,30.801687763713083
반포,16.666666666666664,50.0,0.0,33.33333333333333,0.0
지구,38.0952380952381,28.571428571428577,0.0,19.04761904761905,14.285714285714288
순간,42.03045685279187,31.065989847715734,0.0,12.99492385786802,13.908629441624365
같은,16.548463356973993,17.021276595744677,23.167848699763592,17.257683215130022,26.0047281323877
진짜,18.362831858407077,11.283185840707963,12.24188790560472,19.395280235988203,38.716814159292035
꽃,38.136511375948004,39.00325027085591,1.6251354279523296,17.118093174431205,4.117009750812568
고맙다,45.90163934426229,44.26229508196722,0.0,9.836065573770492,0.0
진심,28.18181818181818,16.363636363636363,0.0,24.090909090909093,31.363636363636367
하루,45.62770562770563,28.831168831168835,2.5974025974025974,12.20779220779221,10.735930735930737
수업,45.45454545454545,9.090909090909092,30.303030303030305,6.0606060606060606,9.090909090909092
궁금하내요,100.0,0.0,0.0,0.0,0.0
홈,25.757575757575758,54.54545454545454,0.0,0.0,19.696969696969695
클래스,60.0,0.0,0.0,0.0,40.0
홍,9.12280701754386,0.0,73.6842105263158,8.421052631578945,8.771929824561402
테리어,100.0,0.0,0.0,0.0,0.0
이제,17.635532331809273,19.986936642717176,15.676028739386021,29.000653167864137,17.70084911822338
노원,73.33333333333334,0.0,0.0,0.0,26.666666666666668
신세계,37.5,37.5,0.0,25.0,0.0
모임,21.39737991266376,47.16157205240176,13.10043668122271,12.663755458515286,5.676855895196507
상계동,100.0,0.0,0.0,0.0,0.0
노원구,100.0,0.0,0.0,0.0,0.0
높았더라도,100.0,0.0,0.0,0.0,0.0
또,25.46201232032854,14.78439425051335,9.240246406570844,20.43121149897331,30.082135523613967
정말,22.65168539325843,24.269662921348313,13.573033707865168,17.8876404494382,21.617977528089888
풀,19.774011299435028,20.338983050847457,25.423728813559322,19.774011299435028,14.689265536723163
빌라,100.0,0.0,0.0,0.0,0.0
더,22.010641276953237,21.674600952114254,12.657518902268272,23.914869784374126,19.742369084290115
중,26.647564469914037,14.183381088825216,25.931232091690546,11.747851002865332,21.489971346704873
프랑,100.0,0.0,0.0,0.0,0.0
컨,27.027027027027028,48.648648648648646,0.0,0.0,24.324324324324323
슈타인,5.2631578947368425,94.73684210526315,0.0,0.0,0.0
월,27.51235584843493,25.947281713344317,19.851729818780893,14.003294892915982,12.68533772652389
본인,7.308970099667775,0.0,39.8671096345515,15.282392026578073,37.541528239202655
긴장,17.105263157894736,59.21052631578948,0.0,23.68421052631579,0.0
와이프,41.666666666666664,37.49999999999999,0.0,12.499999999999996,8.333333333333332
건축,100.0,0.0,0.0,0.0,0.0
박람회,14.634146341463413,29.268292682926827,48.78048780487805,0.0,7.317073170731707
소품,100.0,0.0,0.0,0.0,0.0
뷰,68.96551724137932,31.03448275862069,0.0,0.0,0.0
셀프,37.5,37.5,0.0,25.0,0.0
인테리어,42.30769230769231,34.61538461538462,0.0,23.076923076923077,0.0
자세,30.555555555555557,0.0,41.66666666666667,16.666666666666664,11.111111111111112
무슨,8.516886930983848,13.215859030837004,22.026431718061676,8.516886930983848,47.72393538913363
경험,12.820512820512823,0.0,51.28205128205129,25.21367521367522,10.683760683760685
뿌듯함,100.0,0.0,0.0,0.0,0.0
모습,25.670945157526255,21.003500583430572,17.50291715285881,21.93698949824971,13.885647607934656
불고기,100.0,0.0,0.0,0.0,0.0
식사,52.58215962441315,33.80281690140845,0.0,5.633802816901408,7.981220657276997
황금,47.61904761904762,0.0,0.0,42.85714285714286,9.523809523809526
연휴,56.043956043956044,24.725274725274723,0.0,9.89010989010989,9.340659340659341
취미,34.463276836158194,25.423728813559322,8.47457627118644,19.774011299435028,11.864406779661016
목공,100.0,0.0,0.0,0.0,0.0
동생,32.396694214876035,32.727272727272734,0.0,19.50413223140496,15.37190082644628
슬슬,8.98876404494382,20.224719101123593,0.0,40.44943820224719,30.337078651685395
좋고,26.97674418604651,25.11627906976744,13.953488372093023,21.395348837209298,12.55813953488372
조명,34.920634920634924,0.0,0.0,38.095238095238095,26.984126984126988
마를,100.0,0.0,0.0,0.0,0.0
아침,36.58170914542728,25.63718140929535,4.497751124437781,7.04647676161919,26.236881559220386
서울시,23.636363636363637,16.363636363636363,27.272727272727277,10.909090909090908,21.818181818181817
날,28.980891719745227,25.796178343949045,6.369426751592358,23.301486199575375,15.552016985138007
실화,4.307692307692308,0.0,46.15384615384616,39.384615384615394,10.153846153846155
천정,8.695652173913045,0.0,0.0,52.17391304347826,39.130434782608695
공항,29.292929292929294,27.272727272727277,0.0,12.121212121212121,31.313131313131322
필요할까,100.0,0.0,0.0,0.0,0.0
일리,52.23880597014926,23.507462686567166,0.0,12.437810945273633,11.81592039800995
이쁜거,18.181818181818183,81.81818181818181,0.0,0.0,0.0
버기,100.0,0.0,0.0,0.0,0.0
아닌가,7.228915662650602,10.843373493975903,36.144578313253014,0.0,45.78313253012048
올린다,100.0,0.0,0.0,0.0,0.0
완전,38.69047619047618,32.14285714285714,0.0,10.714285714285712,18.45238095238095
요리,62.44343891402715,8.144796380090497,0.0,10.85972850678733,18.552036199095028
출발,25.899280575539567,19.424460431654676,21.58273381294964,8.633093525179856,24.460431654676263
이틀,20.54794520547945,24.657534246575338,0.0,24.657534246575338,30.136986301369863
갔을껀데,100.0,0.0,0.0,0.0,0.0
신남,27.751196172248804,60.28708133971292,0.0,0.0,11.961722488038278
동국,100.0,0.0,0.0,0.0,0.0
본드,6.666666666666667,0.0,0.0,40.0,53.333333333333336
바,37.75510204081633,18.367346938775512,0.0,17.857142857142858,26.02040816326531
요,20.828538550057537,24.856156501726122,17.376294591484466,18.8722669735328,18.06674338319908
모시,100.0,0.0,0.0,0.0,0.0
어떤,18.06451612903226,17.41935483870968,29.03225806451613,22.580645161290324,12.903225806451616
메이크업,34.0,27.0,0.0,23.0,16.0
제작,12.4031007751938,34.883720930232556,23.25581395348837,13.953488372093023,15.503875968992247
정신,12.947189097103918,9.19931856899489,56.558773424190804,9.880749574105621,11.41396933560477
없던,15.384615384615383,0.0,0.0,61.53846153846153,23.076923076923077
점심식사,31.372549019607842,35.29411764705882,0.0,0.0,33.33333333333333
준비,43.037974683544306,29.294755877034355,0.0,12.658227848101266,15.009041591320072
예비신부,100.0,0.0,0.0,0.0,0.0
결혼식,32.67605633802816,30.422535211267604,0.0,29.859154929577464,7.042253521126759
닭,58.00000000000001,18.000000000000004,0.0,24.000000000000004,0.0
샐러드,64.70588235294117,0.0,0.0,35.29411764705882,0.0
무사히,55.55555555555556,0.0,0.0,44.444444444444436,0.0
휴일,62.5,24.107142857142858,0.0,5.357142857142857,8.035714285714285
어머니,51.08695652173913,0.0,0.0,44.56521739130435,4.347826086956522
탑승,100.0,0.0,0.0,0.0,0.0
코사무이,100.0,0.0,0.0,0.0,0.0
슈퍼주니어,83.33333333333334,0.0,0.0,16.666666666666664,0.0
비처럼,100.0,0.0,0.0,0.0,0.0
마,11.45510835913313,11.145510835913313,9.28792569659443,23.529411764705884,44.582043343653254
통째,100.0,0.0,0.0,0.0,0.0
책상,50.0,0.0,0.0,0.0,50.0
앞,22.35371466140697,30.769230769230766,11.834319526627217,13.80670611439842,21.23602892833662
쿠,8.888888888888886,13.33333333333333,44.44444444444444,8.888888888888886,24.44444444444444
그래두,5.970149253731344,26.865671641791046,0.0,53.73134328358209,13.432835820895523
행,28.140703517587944,36.18090452261307,0.0,20.603015075376888,15.075376884422113
황민,100.0,0.0,0.0,0.0,0.0
현,39.13043478260869,19.565217391304344,32.60869565217391,0.0,8.695652173913041
민현,100.0,0.0,0.0,0.0,0.0
황,26.82926829268293,21.95121951219512,36.58536585365854,14.634146341463412,0.0
제갈량,20.0,0.0,0.0,0.0,80.0
워,26.8,14.399999999999999,0.0,35.199999999999996,23.6
원,26.438569206842928,25.194401244167963,0.0,23.639191290824265,24.72783825816485
뉴이스트,100.0,0.0,0.0,0.0,0.0
좋아요,61.16788321167884,15.766423357664236,2.1897810218978107,14.598540145985403,6.2773722627737225
내사,65.90909090909092,20.454545454545457,0.0,13.636363636363638,0.0
바닷가,44.11764705882353,26.470588235294112,0.0,17.64705882352941,11.76470588235294
미소,47.40024183796855,37.0012091898428,3.627569528415961,7.013301088270857,4.957678355501813
여뻐,100.0,0.0,0.0,0.0,0.0
예뻐,65.90909090909092,20.454545454545457,0.0,13.636363636363638,0.0
어늘,100.0,0.0,0.0,0.0,0.0
일요일,37.41496598639456,30.612244897959183,0.0,25.850340136054427,6.122448979591837
아들,32.49097472924188,32.49097472924188,13.537906137184116,7.400722021660651,14.079422382671481
자유시간,100.0,0.0,0.0,0.0,0.0
벌꿀,100.0,0.0,0.0,0.0,0.0
팀,22.64957264957265,34.61538461538462,0.0,9.82905982905983,32.90598290598291
조카,56.565656565656575,27.272727272727277,0.0,12.121212121212121,4.040404040404041
화이팅,49.641319942611176,30.989956958393112,0.0,16.92969870875179,2.4390243902439024
건강한,34.234234234234236,32.43243243243243,0.0,10.81081081081081,22.52252252252252
일몰,40.0,0.0,0.0,60.0,0.0
아름다,23.77049180327869,66.39344262295083,0.0,9.836065573770492,0.0
움,18.497109826589593,38.150289017341045,0.0,36.03082851637765,7.321772639691715
언제,18.506493506493506,17.532467532467532,9.740259740259742,22.727272727272727,31.493506493506494
가족,55.80670303975058,25.253312548713954,3.507404520654715,10.05455962587685,5.378020265003897
칭구,100.0,0.0,0.0,0.0,0.0
스마일,38.40579710144928,45.652173913043484,0.0,13.043478260869568,2.8985507246376816
주말,50.33670033670033,21.212121212121215,0.0,11.784511784511785,16.666666666666668
자,12.721893491124261,18.639053254437872,31.065088757396452,12.130177514792901,25.443786982248522
행복하다,73.1578947368421,23.684210526315788,0.0,3.1578947368421053,0.0
토끼,31.52173913043479,39.1304347826087,0.0,25.000000000000007,4.347826086956523
내칭구,100.0,0.0,0.0,0.0,0.0
연습,47.61904761904763,34.285714285714285,0.0,5.714285714285714,12.380952380952381
오제,100.0,0.0,0.0,0.0,0.0
이뻐,58.71559633027523,33.02752293577982,0.0,0.0,8.256880733944955
그,10.609756097560979,15.000000000000002,33.65853658536586,22.601626016260166,18.13008130081301
유일,22.58064516129032,58.06451612903226,0.0,19.35483870967742,0.0
주변,29.288702928870293,7.531380753138074,0.0,39.33054393305439,23.849372384937233
청도,100.0,0.0,0.0,0.0,0.0
위로,15.586854460093896,23.661971830985916,8.45070422535211,42.816901408450704,9.48356807511737
가정식,100.0,0.0,0.0,0.0,0.0
백반,100.0,0.0,0.0,0.0,0.0
이색,100.0,0.0,0.0,0.0,0.0
테마,34.37500000000001,28.125,0.0,37.5,0.0
파크,32.35294117647059,52.94117647058824,0.0,8.823529411764705,5.882352941176471
뜨겁게,25.000000000000007,0.0,0.0,75.0,0.0
이야기,15.036743923120405,18.31543244771057,15.375918598078009,34.36970039570379,16.902204635387225
리더스,100.0,0.0,0.0,0.0,0.0
노력,35.648148148148145,29.166666666666664,6.944444444444445,18.98148148148148,9.25925925925926
간장게장,100.0,0.0,0.0,0.0,0.0
꽃게탕,100.0,0.0,0.0,0.0,0.0
뉴,44.303797468354425,45.56962025316455,0.0,0.0,10.126582278481013
스킨,63.88888888888889,25.0,0.0,0.0,11.111111111111112
사업가,33.33333333333333,0.0,0.0,0.0,66.66666666666666
내일,30.468749999999993,19.3359375,17.578124999999996,24.0234375,8.59375
꼼장어,100.0,0.0,0.0,0.0,0.0
술안주,18.181818181818183,0.0,0.0,81.81818181818181,0.0
매일,44.827586206896555,27.586206896551722,5.747126436781609,13.409961685823754,8.42911877394636
좋게,38.63636363636364,20.454545454545457,0.0,0.0,40.909090909090914
성장하고싶다,100.0,0.0,0.0,0.0,0.0
